33226952
33798067
34133301
34424339
34598657
34606466
34648021
34674164
34679174
34718559
34718735
34719002
34751162
34762316
34791203
34791440
34822162
34837195
34837217
34844546
34849572
34849976
34850162
34850820
34864908
34871369
34889452
34894367
34897464
34904611
34914170
34921678
34950955
34954899
34978699
34978789
34978816
34997301
34997520
34999909
35016101
35020074
35020905
35021190
35022470
35037202
35037203
35037207
35037225
35037942
35042806
35042854
35042894
35042960
35044822
35047564
35049120
35049334
35050849
35055368
35058454
35058458
35062088
35064124
35066586
35069506
35069719
35071207
35073313
35080120
35084488
35086829
35088925
35090020
35095484
35100387
35102160
35104125
35104413
35106057
35108094
35115730
35118058
35124290
35124463
35126443
35129172
35130035
35131258
35136085
35137167
35143846
35145087
35159786
35161327
35161692
35163948
35164045
35166825
35169150
35169219
35169226
35169263
35172714
35173740
35175626
35176103
35178077
35178824
35179286
35181636
35181971
35186016
35187026
35188644
35196325
35201651
35202091
35207753
35208198
35208748
35208885
35213533
35217168
35218297
35220933
35221333
35226813
35228311
35229639
35232478
35234034
35239700
35242021
35242914
35255810
35259160
35260616
35266814
35277433
35277513
35280732
35281829
35286371
35296673
35296941
35297013
35297015
35297316
35298515
35306322
35308350
35313008
35315058
35319171
35322350
35325185
35326803
35328082
35328546
35328657
35331624
35343960
35345455
35348662
35349449
35351987
35353316
35358188
35359334
35361112
35361782
35362561
35365666
35365676
35370187
35372652
35377469
35385607
35387734
35388048
35390717
35391386
35393411
35393418
35394655
35396615
35397401
35401459
35401651
35407001
35408437
35414083
35415691
35416792
35417484
35422973
35430561
35434225
35437393
35437394
35438356
35440038
35440143
35440731
35444317
35445712
35446428
35446541
35448733
35450779
35454168
35456378
35456792
35457221
35459273
35469349
35472132
35474880
35483044
35491948
35495109
35495710
35497494
35498549
35503204
35504919
35507258
35507259
35512705
35512708
35524130
35524337
35524941
35525549
35531270
35531299
35538374
35544461
35544520
35544644
35550647
35552418
35559649
35560102
35561293
35561342
35562172
35565847
35567258
35569121
35571058
35576088
35577821
35579453
35586036
35586258
35592955
35594415
35595612
35596782
35599136
35599823
35608653
35610235
35612078
35612084
35612145
35612174
35614512
35617526
35622342
35625024
35625412
35627130
35631398
35633312
35637887
35638426
35639335
35643087
35643434
35650204
35650262
35650384
35652265
35654905
35658467
35661743
35663034
35664677
35668110
35668316
35668357
35669006
35669712
35670274
35672378
35673005
35673179
35675101
35675360
35675394
35676266
35676295
35676300
35680885
35680916
35680954
35696079
35701420
35708612
35715423
35724625
35725848
35727444
35727840
35729167
35731221
35732014
35733854
35736155
35737246
35738723
35739750
35743007
35743803
35746868
35749394
35752639
35756250
35756500
35758619
35761793
35764639
35768777
35771165
35774515
35780180
35786947
35790740
35792893
35794151
35796961
35796973
35805101
35805909
35807577
35815793
35816925
35817763
35820117
35821461
35821502
35831309
35835118
35840601
35842686
35845738
35846116
35853340
35853958
35854751
35857265
35857541
35858915
35858960
35862536
35864118
35864133
35864937
35866706
35867230
35870891
35877764
35879368
35879601
35881922
35883475
35883523
35886221
35886662
35886794
35890791
35891138
35891416
35892461
35893052
35894475
35895206
35895741
35896020
35896887
35900309
35900347
35903143
35904158
35909855
35910215
35915104
35915959
35916224
35916307
35918364
35920326
35927290
35928124
35931779
35941762
35944232
35950759
35953524
35953587
35953768
35957333
35958380
35965308
35971335
35972994
35974056
35977841
35980175
35980363
35987763
35995382
35998814
35999235
36002623
36002881
36004795
36004908
36005821
36005997
36008415
36008656
36011344
36012140
36015982
36016573
36016994
36017244
36030265
36036594
36036832
36040790
36047575
36053857
36055646
36057267
36059758
36059922
36063461
36065018
36066494
36066562
36070129
36070274
36074326
36074693
36084081
36085296
36085868
36086045
36088355
36088548
36093493
36095527
36097180
36099417
36099978
36100598
36107335
36109852
36113052
36114445
36115858
36123328
36124251
36125864
36127375
36128669
36128761
36130040
36135325
36135348
36137552
36139041
36141618
36142721
36151130
36152628
36154725
36156625
36167495
36171524
36196222
36202960
36206157
36206273
36207341
36207580
36215146
36217102
36217556
36219580
36220886
36224012
36224186
36225653
36227484
36232747
36235429
36240175
36240205
36243775
36243817
36243987
36247691
36251279
36261023
36261617
36264496
36265142
36266547
36270040
36270998
36271389
36272818
36279873
36280721
36286319
36288371
36290955
36293349
36293549
36299577
36307625
36308510
36311644
36311883
36314583
36318248
36318260
36321973
36326108
36330680
36335143
36344773
36350094
36350503
36351928
36351936
36351966
36352543
36355441
36357557
36360242
36361870
36364843
36365786
36367334
36367858
36370350
36371515
36373660
36378587
36382391
36385044
36385198
36388767
36401161
36401306
36402024
36402991
36404909
36406450
36407584
36411285
36411472
36413377
36415136
36416193
36419127
36421086
36421454
36423555
36427009
36428233
36432139
36433966
36433993
36435908
36436153
36441742
36443329
36444142
36447388
36448847
36449162
36450810
36454094
36456604
36463582
36463884
36466237
36467714
36470968
36473868
36475880
36482886
36494323
36494593
36495445
36495883
36499090
36499269
36499696
36502211
36503436
36508259
36509800
36510424
36513026
36516131
36518520
36522346
36522353
36526018
36526638
36529941
36529979
36533143
36533982
36534166
36535208
36535428
36537804
36537834
36541440
36549193
36553472
36553571
36555185
36555254
36556360
36558536
36562325
36564412
36564505
36567525
36572678
36572713
36575300
36575445
36576353
36578210
36580150
36581374
36587138
36587236
36595475
36596235
36598107
36598498
36598505
36604173
36604610
36609142
36609615
36610676
36614124
36620582
36622170
36623924
36625162
36627305
36628764
36631981
36633255
36635305
36638829
36639093
36640942
36644825
36650904
36651308
36653303
36655375
36658147
36658229
36662691
36673905
36675199
36675905
36676869
36680080
36691901
36695636
36696912
36703003
36703942
36704562
36705910
36707765
36715173
36715334
36715415
36725728
36737439
36739282
36745610
36746023
36750521
36750720
36752340
36755109
36755230
36758001
36759776
36761115
36761561
36761658
36761695
36761837
36762475
36764131
36764575
36765058
36769353
36771869
36773138
36773775
36776141
36776991
36779038
36787138
36787439
36789226
36790087
36792601
36792716
36792822
36793705
36794865
36795731
36799778
36806329
36809643
36812605
36819898
36820523
36823166
36823207
36823221
36823331
36824504
36824516
36825752
36828587
36830638
36834553
36835976
36840124
36846778
36847398
36847544
36847566
36847572
36848718
36849471
36850412
36850877
36851706
36861131
36862752
36867197
36873900
36875148
36877891
36879020
36879195
36882092
36882402
36882443
36884279
36892105
36892262
36896468
36910227
36912077
36912284
36913423
36918221
36922507
36925620
36926800
36926884
36927193
36927359
36930285
36930985
36934110
36938926
36939557
36940568
36941275
36944675
36949058
36949081
36949095
36950143
36950735
36959253
36962988
36963395
36964864
36965899
36966359
36967676
36971993
36973309
36973698
36975161
36978122
36978419
36979050
36980819
36986961
36988831
36991084
36992400
36996758
36997558
37001506
37003963
37010293
37013995
37017258
37018345
37018393
37019916
37024499
37024526
37024650
37031828
37033947
37035247
37040463
37041187
37043424
37046958
37050308
37053159
37055538
37056370
37069152
37069653
37078622
37079066
37080986
37081024
37082111
37091248
37092397
37093469
37093804
37093824
37095326
37097713
37098652
37099501
37104266
37105065
37105968
37107608
37112833
37112988
37117054
37117327
37123247
37127747
37128447
37130083
37131052
37131148
37139115
37142360
37142618
37142970
37143483
37149676
37156621
37159241
37160609
37167657
37168598
37171846
37173796
37180100
37183971
37187003
37189043
37189337
37191528
37191557
37192099
37193038
37194944
37202393
37202400
37202401
37202560
37203516
37203577
37203586
37206112
37208467
37208471
37208694
37210383
37214420
37218990
37221042
37221626
37222748
37224027
37224178
37224727
37233502
37234732
37238122
37240827
37248640
37251529
37257197
37258539
37258747
37258857
37259264
37261838
37268643
37269845
37270659
37275529
37278513
37280537
37284942
37285215
37289767
37291214
37291876
37298890
37300008
37301898
37305293
37307303
37310789
37311775
37312031
37312940
37315789
37316673
37319212
37322090
37331497
37332681
37333841
37337836
37340506
37342968
37343324
37344699
37350907
37356495
37357231
37360262
37363274
37365203
37367491
37368656
37369937
37372118
37372123
37376732
37376953
37378342
37383745
37384809
37387049
37390512
37393296
37394145
37394429
37401008
37402718
37402732
37407670
37414823
37415233
37417838
37419118
37422490
37432995
37435391
37436815
37438390
37439331
37440484
37443790
37450157
37450164
37450167
37452020
37454191
37455222
37457340
37457653
37458416
37459490
37460600
37463622
37468574
37468728
37469783
37473653
37476211
37480566
37482620
37487099
37488166
37489459
37492101
37493333
37497729
37498959
37499306
37500408
37500662
37503835
37504687
37504918
37504951
37516737
37516760
37516963
37519196
37520074
37524436
37524802
37526240
37527270
37529920
37529934
37531298
37537186
37537200
37537202
37537703
37539027
37540443
37540469
37542147
37543663
37548643
37550316
37550757
37550758
37553326
37553584
37553832
37556115
37558914
37561710
37563883
37566590
37567397
37567758
37567984
37569821
37570979
37578228
37581698
37583258
37587443
37589308
37594855
37596918
37600121
37602732
37609115
37612031
37614126
37616549
37620118
37620744
37623798
37624874
37626053
37629552
37636128
37637860
37640843
37644024
37644066
37645315
37646933
37646939
37646940
37646941
37646946
37646947
37646950
37647277
37647283
37658122
37658226
37659415
37665701
37667031
37668527
37668974
37670009
37671046
37673902
37676328
37680201
37681418
37682478
37684262
37686035
37686313
37692080
37696882
37697022
37697055
37697153
37709805
37712601
37717016
37717042
37717933
37721104
37721944
37723201
37723446
37725485
37730627
37730936
37731974
37735467
37738107
37738189
37740491
37748671
37748672
37751696
37753479
37753522
37755132
37756201
37758906
37758930
37759191
37761836
37766241
37769048
37769837
37770956
37771003
37772729
37777465
37778093
37778181
37779230
37780991
37781674
37787899
37788089
37788254
37789481
37794208
37796873
37800393
37805667
37808543
37810343
37811478
37816350
37816745
37819930
37821750
37828771
37831357
37832430
37835298
37835747
37840639
37841229
37846545
37848535
37848896
37849251
37851613
37853076
37856524
37859652
37864541
37867598
37872185
37875136
37876810
37880211
37880351
37881831
37887673
37888340
37891644
37896470
37896813
37898683
37900105
37904728
37917105
37919263
37922939
37929927
37931382
37932314
37932399
37934729
37934748
37935581
37937382
37938570
37939200
37941138
37945559
37946302
37947503
37953325
37956888
37957256
37960750
37967146
37969874
37971941
37978180
37981656
37982688
37987347
37996697
38000324
38000387
38006335
38007482
38010728
38013033
38015708
38018981
38020428
38025966
38027538
38030339
38030629
38037471
38040041
38040713
38040823
38042076
38042830
38045645
38050974
38054369
38055839
38057322
38059067
38062064
38063370
38063437
38063803
38064200
38065988
38066007
38066065
38066075
38066222
38067184
38069165
38072328
38074791
38075619
38075858
38078902
38081806
38082113
38083163
38084013
38084728
38085058
38087062
38088904
38091269
38091315
38097955
38102040
38102790
38104077
38104272
38106962
38108505
38111059
38112483
38113079
38113684
38123557
38123570
38129112
38132886
38134877
38137911
38148439
38152493
38153911
38155573
38155575
38160287
38162030
38162465
38166233
38166563
38166586
38167832
38168493
38168497
38172116
38172163
38177162
38177985
38182666
38185001
38190692
38190831
38191934
38193774
38194403
38199998
38205245
38206015
38212124
38213714
38213883
38216281
38216562
38217287
38217648
38233444
38233516
38236062
38236197
38236818
38237024
38238330
38238687
38245867
38247306
38247521
38250527
38253529
38254411
38256255
38263280
38264265
38265399
38267571
38270339
38271343
38271818
38273507
38273575
38275308
38277912
38281377
38282330
38286947
38287124
38292137
38292471
38297002
38297840
38302497
38307869
38307948
38310137
38310531
38312334
38312338
38314123
38314912
38319296
38325367
38326757
38327368
38327382
38330004
38333059
38335132
38336980
38341426
38345923
38347596
38348325
38348328
38349059
38349131
38351149
38356567
38357349
38357419
38360815
38361019
38365793
38365928
38366548
38377053
38381824
38383746
38384129
38384789
38390545
38392784
38393149
38393600
38396192
38398771
38400367
38408974
38413078
38413941
38419327
38421866
38422108
38424077
38425493
38427620
38428081
38431735
38431773
38434636
38434751
38436570
38437173
38437255
38438364
38441487
38441756
38442048
38443468
38443579
38443673
38450403
38450904
38452801
38453963
38459036
38461412
38469223
38470439
38472220
38472250
38477530
38478526
38479385
38479843
38481855
38487800
38488251
38488504
38489299
38490983
38491157
38491868
38498764
38501073
38504077
38504331
38505885
38506636
38508935
38509422
38514693
38516293
38518223
38521211
38522772
38523647
38524309
38525301
38528564
38537198
38538624
38538633
38538648
38540411
38543656
38548995
38550771
38552170
38553675
38554135
38556873
38561149
38565025
38565568
38567644
38569548
38571312
38572078
38575591
38575659
38577974
38578072
38581422
38582952
38584701
38593404
38594221
38594229
38597895
38598470
38600668
38602457
38605060
38609331
38609714
38614094
38614285
38614461
38617561
38623547
38624007
38625925
38626392
38629131
38635816
38636673
38641689
38649488
38653014
38656142
38658632
38659057
38660610
38664511
38667169
38668966
38674377
38676307
38678031
38679729
38683334
38686696
38688285
38688470
38697424
38698803
38700279
38701383
38702300
38704738
38708794
38709009
38710720
38710786
38711584
38712695
38714759
38720552
38723072
38724027
38724521
38724595
38724907
38726678
38728310
38729994
38730023
38730184
38732403
38733216
38733902
38736337
38739716
38744868
38749529
38749656
38751380
38753714
38754474
38758760
38758924
38760710
38762540
38762876
38763400
38768124
38768239
38769143
38770571
38770718
38771886
38781078
38785706
38785923
38787331
38790353
38791479
38793613
38794438
38794841
38795552
38800073
38802101
38802856
38804201
38804840
38806937
38808315
38808697
38812215
38812536
38813150
38814403
38814564
38819572
38820435
38825257
38828478
38828769
38829878
38832828
38834597
38834674
38837178
38838674
38840452
38842342
38843904
38844775
38846350
38847800
38848714
38854754
38855791
38855877
38856904
38862028
38862524
38863005
38863081
38865446
38867915
38868516
38868518
38869148
38870743
38871749
38871800
38876107
38877144
38878851
38879569
38879616
38881018
38885787
38898737
38898990
38900906
38902374
38904920
38905214
38905257
38906534
38906878
38907008
38907525
38907890
38909049
38909399
38911529
38912828
38913305
38913321
38916991
38919818
38920699
38921549
38922750
38923903
38924085
38926852
38927512
38928396
38929869
38936817
38937428
38937480
38941305
38941446
38963888
38968027
38968127
38972916
38975839
38980436
38983118
38985448
38988407
38995537
38995706
38996838
38997300
39003315
39003916
39004851
39009439
39009815
39011737
39013972
39014503
39018027
39028299
39030018
39030186
39030190
39031379
39033506
39033920
39035910
39036998
39038936
39039085
39042485
39043716
39046587
39048584
39048679
39049932
39050786
39058243
39058648
39062661
39065696
39068339
39074503
39075025
39076831
39078880
39079742
39080339
39080795
39082680
39085892
39086980
39088548
39091515
39091896
39093530
39093951
39094861
39095383
39095466
39095595
39101690
39101983
39102448
39102880
39105062
39111312
39113237
39115038
39117154
39118353
39119158
39121968
39123237
39126359
39127782
39128887
39132249
39134412
39134549
39134617
39134850
39135444
39138221
39141446
39143381
39143966
39151939
39154033
39154076
39157583
39159043
39160186
39166362
39169276
39171403
39172803
39175133
39176574
39186522
39186704
39190503
39191872
39192185
39192205
39196899
39198432
39198483
39198675
39201310
39202371
39202407
39203562
39204272
39205227
39208229
39208265
39208278
39209857
39209908
39211484
39213302
39214983
39216000
39216206
39219476
39226356
39226538
39226547
39227745
39230075
39231169
39235268
39240227
39242579
39242603
39242618
39243017
39250469
39251640
39252774
39257527
39258795
39259934
39260065
39264584
39269718
39271783
39275439
39277030
39279509
39288643
39294645
39298493
39304538
39310279
39316855
39325614
39332377
39333635
39335935
39339826
39339901
39340826
39341246
39341808
39341859
39346622
39348603
39348849
39349569
39349746
39351134
39352375
39355665
39359251
39361557
39362938
39364092
39366993
39368085
39371081
39371417
39372176
39373617
39374247
39375404
39379379
39379421
39379619
39382066
39382461
39383500
39387067
39387871
39389990
39390620
39394400
39396964
39399658
39406187
39414803
39415970
39421415
39423001
39424853
39426464
39427032
39428982
39430404
39432839
39433728
39433777
39434138
39435638
39436899
39439992
39440482
39441692
39442633
39443154
39443503
39444035
39445132
39448623
39448688
39450189
39450797
39455415
39455647
39455682
39458265
39458764
39460195
39460279
39460934
39466099
39466872
39467874
39468089
39468204
39477968
39487529
39493875
39494388
39496583
39496680
39497067
39498498
39500899
39502863
39507665
39510367
39511198
39512782
39515655
39516209
39519363
39521802
39522045
39522681
39528496
39528678
39540424
39540432
39546454
39546588
39547804
39548206
39550455
39554603
39558178
39559743
39561848
39563064
39565895
39567529
39567545
39567690
39574222
39574394
39574409
39574417
39576796
39579797
39587138
39589995
39590726
39590761
39592620
39592634
39593035
39596077
39600198
39602490
39607691
39609418
39609443
39611775
39611991
39621301
39621686
39622400
39622813
39622905
39625972
39627219
39628627
39631489
39632912
39633811
39636867
39638559
39641579
39646166
39646391
39652598
39653747
39653819
39655722
39656671
39656704
39656773
39657689
39657740
39658089
39658751
39661617
39664372
39668452
39669549
39670335
39671929
39672986
39681772
39682316
39683928
39690313
39693482
39695186
39695236
39695240
39702046
39702608
39704048
39704901
39705554
39709508
39709521
39712867
39715240
39716522
39718483
39720162
39724341
39729127
39729429
39730485
39730632
39732964
39736494
39737003
39737797
39738072
39738163
39738593
39741145
39741946
39742295
39753599
39753746
39758944
39759003
39762115
39762327
39762738
39763119
39771711
39773281
39773308
39774603
39774953
39775838
39776224
39780493
39784310
39787917
39788105
39788970
39792931
39793579
39794362
39795895
39796186
39799107
39805772
39805871
39808083
39809764
39809781
39812750
39814754
39814778
39817732
39817820
39820061
39820437
39823405
39824846
39827367
39828940
39830014
39830982
39837330
39838386
39840069
39841812
39843903
39845145
39849000
39850579
39854354
39857299
39858647
39861947
39869488
39870154
39870684
39874183
39880865
39880958
39885171
39888724
39889147
39890791
39890826
39894387
39895511
39895661
39898310
39901628
39908239
39910077
39910176
39910777
39913636
39922312
39922392
39922957
39927895
39934125
39936186
39939607
39947184
39949805
39951853
39955285
39956811
39963945
39964163
39965271
39965934
39966389
39966414
39968831
39970812
39971880
39971983
39972011
39979443
39980379
39983713
39985319
39986376
39987858
39989012
39994432
39996130
39997013
39998433
40000654
40000672
40005591
40008775
40011509
40013513
40013795
40013940
40015271
40015273
40018971
40021934
40023203
40023767
40027491
40028774
40032895
40033715
40034696
40036254
40037787
40038306
40044760
40045573
40046760
40055329
40055331
40055894
40057293
40057378
40059360
40065540
40070311
40074756
40075808
40078943
40082352
40087979
40089864
40102456
40102478
40102511
40106489
40108296
40108717
40109352
40114255
40114309
40118721
40121504
40121539
40122935
40124712
40129074
40130410
40130787
40133325
40133402
40134047
40138270
40146303
40153158
40154847
40155413
40155442
40157915
40163043
40164800
40164957
40165935
40169679
40173611
40173613
40173841
40175438
40175586
40175669
40177126
40177811
40179876
40180241
40182018
40182081
40185683
40185740
40189939
40190740
40192223
40193489
40195424
40197022
40197252
40199921
40202271
40203090
40205863
40206833
40209438
40210874
40211116
40211375
40211606
40213365
40214971
40216796
40217418
40219973
40221496
40221608
40225143
40225173
40226443
40230947
40233745
40233746
40235705
40239308
40240383
40245534
40246671
40248245
40250332
40251693
40255481
40256918
40257980
40259416
40259418
40259822
40262894
40266673
40268957
40268979
40269195
40269329
40270544
40271912
40274834
40275641
40279043
40279252
40280939
40281032
40281126
40281369
40285727
40286078
40288852
40293056
40295482
40298430
40299468
40301348
40301568
40301633
40301713
40312452
40314147
40315414
40315417
40318372
40319046
40327509
40327796
40328768
40329811
40335514
40335531
40341180
40341230
40341255
40341774
40341999
40346170
40346862
40348768
40348905
40349109
40352392
40354181
40354347
40355512
40357167
40359222
40360756
40364349
40364522
40366732
40367044
40369051
40373107
40379655
40380393
40382353
40382360
40382363
40382431
40382465
40383374
40384975
40386950
40388400
40390127
40391087
40393240
40394065
40399309
40399316
40399336
40399973
40402455
40403038
40404775
40404823
40408641
40414187
40417484
40417549
40422930
40425649
40433759
40435368
40436863
40437567
40442291
40443993
40445983
40447627
40456783
40462185
40464151
40471940
40472336
40473689
40476263
40479047
40481322
40485116
40487401
40493136
40493647
40496751
40498755
40500763
40501113
40502934
40507586
40511584
40511914
40513293
40513557
40514368
40514586
40514603
40516374
40519058
40521155
40521234
40522748
40524050
40527897
40528035
40536267
40537502
40537574
40538637
40541988
40545606
40545618
40546922
40548747
40549542
40549586
40552981
40553287
40555897
40557783
40563233
40564982
40567045
40571162
40577234
40577285
40578340
40580034
40582613
40588537
40597534
40599425
40605939
40605945
40606542
40607320
40658718
40661153
40677252
40687097
40700252
40710990
40718923
40728616
40728618
40728623
40740612
40779104
40822707
40828275
40895450
40919338
40963881
40990037
40996707
40996718
41004266
41098352
